{
 "cells": [
  {
   "cell_type": "code",
   "execution_count": 1,
   "id": "9f6fd51d",
   "metadata": {},
   "outputs": [
    {
     "name": "stdout",
     "output_type": "stream",
     "text": [
      "M * N:\n",
      "[[ 1.00000000e+00  1.38777878e-17 -5.55111512e-17 -2.77555756e-17]\n",
      " [-2.77555756e-17  1.00000000e+00  5.55111512e-17  0.00000000e+00]\n",
      " [-6.93889390e-17 -6.93889390e-18  1.00000000e+00 -4.16333634e-17]\n",
      " [ 4.16333634e-17  4.85722573e-17  8.32667268e-17  1.00000000e+00]]\n",
      "N * M:\n",
      "[[ 1.00000000e+00  2.91433544e-16  4.78783679e-16  3.81639165e-16]\n",
      " [ 0.00000000e+00  1.00000000e+00  2.77555756e-17  5.55111512e-17]\n",
      " [-9.71445147e-17  4.16333634e-17  1.00000000e+00 -2.08166817e-17]\n",
      " [-5.55111512e-17 -2.77555756e-17 -6.93889390e-17  1.00000000e+00]]\n",
      "M * N using Strassen's algorithm:\n",
      "[[ 1.00000000e+00  1.38777878e-17 -5.55111512e-17 -2.77555756e-17]\n",
      " [-2.77555756e-17  1.00000000e+00  5.55111512e-17  0.00000000e+00]\n",
      " [-6.93889390e-17 -6.93889390e-18  1.00000000e+00 -4.16333634e-17]\n",
      " [ 4.16333634e-17  4.85722573e-17  8.32667268e-17  1.00000000e+00]]\n",
      "N * M using Strassen's algorithm:\n",
      "[[ 1.00000000e+00  2.91433544e-16  4.78783679e-16  3.81639165e-16]\n",
      " [ 0.00000000e+00  1.00000000e+00  2.77555756e-17  5.55111512e-17]\n",
      " [-9.71445147e-17  4.16333634e-17  1.00000000e+00 -2.08166817e-17]\n",
      " [-5.55111512e-17 -2.77555756e-17 -6.93889390e-17  1.00000000e+00]]\n",
      "Execution time for basic matrix multiplication: 0.004356099999995422\n",
      "Execution time for Strassen's algorithm: 0.0021462000000127546\n"
     ]
    }
   ],
   "source": [
    "import numpy as np\n",
    "import timeit\n",
    "\n",
    "\n",
    "M = np.array([[1, 3, 3, 6], [4, 2, 8, 2], [3, 3, 4, 5], [2, 6, 3, 1]])\n",
    "\n",
    "# Compute the inverse\n",
    "N = np.linalg.inv(M)\n",
    "\n",
    "# Matrix multiplication\n",
    "result1 = np.matmul(M, N)\n",
    "result2 = np.matmul(N, M)\n",
    "\n",
    "# Check if the results are close to the identity matrix\n",
    "identity_matrix = np.eye(4)\n",
    "print(\"M * N:\")\n",
    "print(result1)\n",
    "print(\"N * M:\")\n",
    "print(result2)\n",
    "\n",
    "\n",
    "\n",
    "# Divide M and N into submatrices\n",
    "n = M.shape[0] // 2\n",
    "A = M[:n, :n]\n",
    "B = M[:n, n:]\n",
    "C = M[n:, :n]\n",
    "D = M[n:, n:]\n",
    "\n",
    "E = N[:n, :n]\n",
    "F = N[:n, n:]\n",
    "G = N[n:, :n]\n",
    "H = N[n:, n:]\n",
    "\n",
    "# Strassen's algorithm for matrix multiplication\n",
    "def strassen_multiply(A, B):\n",
    "    if A.shape[0] <= 128:  # Use traditional matrix multiplication for small matrices\n",
    "        return np.matmul(A, B)\n",
    "    \n",
    "    n = A.shape[0] // 2\n",
    "    \n",
    "    A11, A12 = A[:n, :n], A[:n, n:]\n",
    "    A21, A22 = A[n:, :n], A[n:, n:]\n",
    "    B11, B12 = B[:n, :n], B[:n, n:]\n",
    "    B21, B22 = B[n:, :n], B[n:, n:]\n",
    "    \n",
    "    P1 = strassen_multiply(A11 + A22, B11 + B22)\n",
    "    P2 = strassen_multiply(A21 + A22, B11)\n",
    "    P3 = strassen_multiply(A11, B12 - B22)\n",
    "    P4 = strassen_multiply(A22, B21 - B11)\n",
    "    P5 = strassen_multiply(A11 + A12, B22)\n",
    "    P6 = strassen_multiply(A21 - A11, B11 + B12)\n",
    "    P7 = strassen_multiply(A12 - A22, B21 + B22)\n",
    "    \n",
    "    C11 = P1 + P4 - P5 + P7\n",
    "    C12 = P3 + P5\n",
    "    C21 = P2 + P4\n",
    "    C22 = P1 - P2 + P3 + P6\n",
    "    \n",
    "    return np.vstack((np.hstack((C11, C12)), np.hstack((C21, C22))))\n",
    "\n",
    "# Perform matrix multiplication using Strassen's algorithm\n",
    "result3 = strassen_multiply(M, N)\n",
    "result4 = strassen_multiply(N, M)\n",
    "\n",
    "print(\"M * N using Strassen's algorithm:\")\n",
    "print(result3)\n",
    "print(\"N * M using Strassen's algorithm:\")\n",
    "print(result4)\n",
    "\n",
    "\n",
    "\n",
    "\n",
    "# Time for traditional matrix multiplication\n",
    "time_basic = timeit.timeit(\"np.matmul(M, N)\", globals=globals(), number=1000)\n",
    "\n",
    "# Time for Strassen's algorithm\n",
    "time_strassen = timeit.timeit(\"strassen_multiply(M, N)\", globals=globals(), number=1000)\n",
    "\n",
    "print(\"Execution time for basic matrix multiplication:\", time_basic)\n",
    "print(\"Execution time for Strassen's algorithm:\", time_strassen)\n",
    "\n",
    "\n"
   ]
  },
  {
   "cell_type": "code",
   "execution_count": 5,
   "id": "95cbac3a",
   "metadata": {},
   "outputs": [
    {
     "name": "stdout",
     "output_type": "stream",
     "text": [
      "[21, 27]\n",
      "[76, 68]\n"
     ]
    }
   ],
   "source": [
    "def strassen_multiply(matrix_A, matrix_B):\n",
    "    # Base case: if the matrices are 1x1\n",
    "    if len(matrix_A) == 1:\n",
    "        return [[matrix_A[0][0] * matrix_B[0][0]]]\n",
    "\n",
    "    # Calculate the split index\n",
    "    split_index = len(matrix_A) // 2\n",
    "\n",
    "    # Splitting the matrices into smaller submatrices\n",
    "    a00 = [matrix_A[i][:split_index] for i in range(split_index)]\n",
    "    a01 = [matrix_A[i][split_index:] for i in range(split_index)]\n",
    "    a10 = [matrix_A[i][:split_index] for i in range(split_index, len(matrix_A))]\n",
    "    a11 = [matrix_A[i][split_index:] for i in range(split_index, len(matrix_A))]\n",
    "\n",
    "    b00 = [matrix_B[i][:split_index] for i in range(split_index)]\n",
    "    b01 = [matrix_B[i][split_index:] for i in range(split_index)]\n",
    "    b10 = [matrix_B[i][:split_index] for i in range(split_index, len(matrix_B))]\n",
    "    b11 = [matrix_B[i][split_index:] for i in range(split_index, len(matrix_B))]\n",
    "\n",
    "    # Recursive calculations of the seven products (P1 to P7)\n",
    "    P1 = strassen_multiply(a00, subtract_matrices(b01, b11))\n",
    "    P2 = strassen_multiply(add_matrices(a00, a01), b11)\n",
    "    P3 = strassen_multiply(add_matrices(a10, a11), b00)\n",
    "    P4 = strassen_multiply(a11, subtract_matrices(b10, b00))\n",
    "    P5 = strassen_multiply(add_matrices(a00, a11), add_matrices(b00, b11))\n",
    "    P6 = strassen_multiply(subtract_matrices(a01, a11), add_matrices(b10, b11))\n",
    "    P7 = strassen_multiply(subtract_matrices(a00, a10), add_matrices(b00, b01))\n",
    "\n",
    "    # Calculate the resulting submatrices (C00, C01, C10, C11)\n",
    "    C00 = add_matrices(subtract_matrices(add_matrices(P5, P4), P2), P6)\n",
    "    C01 = add_matrices(P1, P2)\n",
    "    C10 = add_matrices(P3, P4)\n",
    "    C11 = subtract_matrices(subtract_matrices(add_matrices(P5, P1), P3), P7)\n",
    "\n",
    "    # Combine the resulting submatrices to form the result matrix C\n",
    "    result_matrix = [C00[i] + C01[i] for i in range(len(C00))]\n",
    "    result_matrix += [C10[i] + C11[i] for i in range(len(C10))]\n",
    "\n",
    "    return result_matrix\n",
    "\n",
    "def add_matrices(matrix_A, matrix_B):\n",
    "    return [[matrix_A[i][j] + matrix_B[i][j] for j in range(len(matrix_A[0]))] for i in range(len(matrix_A))]\n",
    "\n",
    "def subtract_matrices(matrix_A, matrix_B):\n",
    "    return [[matrix_A[i][j] - matrix_B[i][j] for j in range(len(matrix_A[0]))] for i in range(len(matrix_A))]\n",
    "\n",
    "# Test matrices\n",
    "matrix_X = [[3, 2],\n",
    "            [4, 8]]\n",
    "\n",
    "matrix_Y = [[1, 5],\n",
    "            [9, 6]]\n",
    "\n",
    "# Perform matrix multiplication using Strassen's algorithm\n",
    "result_matrix = strassen_multiply(matrix_X, matrix_Y)\n",
    "\n",
    "# Print the result\n",
    "for row in result_matrix:\n",
    "    print(row)\n"
   ]
  }
 ],
 "metadata": {
  "kernelspec": {
   "display_name": "Python 3 (ipykernel)",
   "language": "python",
   "name": "python3"
  },
  "language_info": {
   "codemirror_mode": {
    "name": "ipython",
    "version": 3
   },
   "file_extension": ".py",
   "mimetype": "text/x-python",
   "name": "python",
   "nbconvert_exporter": "python",
   "pygments_lexer": "ipython3",
   "version": "3.11.5"
  }
 },
 "nbformat": 4,
 "nbformat_minor": 5
}
